0.013639130701686078
0.01739826832490017
0.01620479712878205
0.014662665618108181
0.019016436504500498
0.015029310861414796
0.013345857985763585
0.019814516650494017
0.01662989120570644
0.014348333301956171
0.014907466721566487
0.016007588741770093
0.014633506410674197
0.01281339327622847
0.014728172600800227
0.017945034864165026
0.01517853906454253
0.014328616059493735
0.024334135982916224
0.015961466889979032
0.012066665694352949
0.014623843806431032
0.025289272213339792
0.014493254037389998
0.018342796529169418
0.017168711217354
0.015416585101103516
0.016521136114503347
0.013725047239503976
0.018722430787829716
