0.6465145727852809
0.6337546177619636
0.6473392870047995
0.5870216976359609
0.5991118380499336
0.6159932386187311
0.5957003269099148
0.6241234754477476
0.6480277001951257
0.5961591804721276
0.5941143993402286
0.5963866145481289
0.6456869359316082
0.6516538920984726
0.6542986103140292
0.6444724485935222
0.5879835099667138
0.5817203049742171
0.5902615704429226
0.6015514404866663
0.5963725327653858
0.59033277643868
0.5846057419664757
0.5915642681936633
0.5781847147296512
0.5910227837930903
0.6104707885373226
0.5783101223042686
0.5869852975560401
0.5869544770504138
