0.4195029928710043
0.44016729915133784
0.418766920315636
0.43182787068558215
0.4830531030276467
0.4281669094319639
0.49437340707024524
0.3718780953255366
0.4531233112910414
0.45552496770811923
0.4495299322201262
0.466176236599773
0.3784629452871874
0.49656768173944965
0.40616582104354093
0.363098871839719
0.3797402558343218
0.37662043263080675
0.4489837287545672
0.4121433236958396
0.4817736153162831
0.43434277111449215
0.3476525009358796
0.4249971797837457
0.39902443062365883
0.5434158836279784
0.38254543308907224
0.45005355233263433
0.4563096925062225
0.4401032707502927
