0.007149789436773956
0.009456096303123007
0.009314915815446394
0.01172490966739469
0.009635520097566427
0.009539996310734912
0.008954698032210698
0.009276591100522232
0.009981302570476597
0.008973588008255535
0.009045434106181447
0.00954007306355883
0.007977250001431421
0.012271093993229227
0.01110048212391031
0.008240183643074083
0.009108745119669723
0.007347346982602921
0.005265632412955876
0.008674275412556267
0.006027734840058414
0.008553905909074644
0.00871890293686278
0.011521434974868447
0.00883565206190049
0.008000968172139338
0.006704161031633397
0.010651503863088501
0.008013469167883081
0.006903684509601787
