0.6253975312634755
0.5649713144721301
0.5669744970658267
0.5652657278249621
0.6107392616757598
0.5570561359844011
0.5800262364774921
0.6030133279899507
0.5776961232352775
0.5606075519808013
0.5607915237077451
0.5975943646061834
0.6205621215103961
0.6054163854360014
0.5686850239983501
0.5624534211710445
0.5677821563829987
0.5766883800176237
0.5551543136096895
0.5689220194236646
0.6405675820724825
0.6017926111329847
0.5891753145096275
0.6089177072201287
0.5935572398147628
0.5655118046571798
0.572955335883158
0.5800824826105706
0.6318813628438045
0.564879621557268
