1.5547237618145993
1.5659465653780875
1.59055602959397
1.5332936030168731
1.4902547132305608
1.4736101338186949
1.6073998031901524
1.4979393617988737
1.453173229144047
1.516004976120295
1.5108172208702129
1.525573267847943
1.5174260390437346
1.491192692956
1.5384774631397788
1.5776394338915087
1.5181243419499493
1.6063712526821943
1.5798437087217152
1.5887219777989496
1.5441003551951296
1.6029059728711963
1.6115323774432775
1.5416629250256342
1.595410402127728
1.5658259288615346
1.5233869642462474
1.4922963753782983
1.5486945040523872
1.5251758404337368
