0.010893564825612623
0.007981685998175881
0.010611735676205263
0.00991050905551875
0.010322477490202328
0.012200605450962824
0.009141699013460425
0.008570070767458202
0.00878175802740809
0.0074344400844833
0.009169317245317846
0.009512196004991931
0.007294834305171951
0.008995815421015348
0.010092487167498188
0.009419060718289298
0.006688264523100441
0.01160835329258421
0.009474285723516917
0.011285897026196883
0.006502506033317677
0.009094847688614405
0.010121365703429905
0.007514816505726213
0.009568666926067391
0.009727581655969146
0.009278942179971328
0.00968464655510613
0.01010611358365724
0.008441313493354374
