0.5747708123435061
0.618722447530746
0.6065871391343901
0.6322741707158435
0.5834433306551376
0.6105470427193461
0.6131080673204865
0.5872842033218129
0.5892155331097252
0.599501079780473
0.5833022471336929
0.6247436052764705
0.5945113461971747
0.5790981707498523
0.5810980495933818
0.5936199427801371
0.5882964975152296
0.609710903657225
0.572724702741537
0.613564529636573
0.651488630421752
0.5897570175102984
0.6511222383764182
0.5858393592735713
0.606596969812909
0.5770525925359111
0.5985878894542858
0.6028193323215705
0.5882335280339068
0.58537333197298
