1.418187664708787
1.4950851770912608
1.5140504566012276
1.5458799430591992
1.543445119025508
1.4976795981688777
1.5323764012864376
1.5137327088044006
1.513680770021492
1.5080276586234302
1.5502559239239908
1.3561368307222348
1.470682613745456
1.5567558527096585
1.527723918503546
1.4827278698413788
1.5034223129246858
1.4766757424368386
1.4975041771147912
1.5054401447893717
1.5084980867120732
1.5891388505240316
1.5120256300880184
1.4991803493079447
1.5156197017927717
1.5429052466358342
1.5294653899359953
1.455292940516306
1.418574184363558
1.5482385531766392
