0.0103378763807807
0.011830876621866042
0.014580626605767472
0.01650631544378059
0.013866249684957399
0.015047315849495996
0.010760850072009297
0.016366571756413918
0.019233803263848926
0.020329854109110146
0.01396548024125001
0.021266188224718204
0.014304663610246801
0.016168888284692484
0.014534006466548906
0.01681038608739336
0.01594623781488697
0.020614612857557814
0.0165527845585598
0.017624995869935798
0.014651091546143769
0.01897658123297074
0.013019822240915604
0.018092216161558924
0.01596909447262546
0.013569328476449245
0.022483498390678605
0.010395188237147841
0.01482554218192293
0.021143919883432963
