0.5725964258770276
0.5751779988683516
0.5349823769332327
0.5562965626178801
0.5511510986420218
0.5335516078838175
0.5619548047906451
0.537537426914372
0.5455208529800075
0.5576109251225952
0.5386617078460958
0.5408778526970954
0.5803293568464731
0.5372088362881932
0.5456785175405507
0.533169971237269
0.5436288782534894
0.5359224702942286
0.5766677079403999
0.5689082539607695
0.5222218620331951
0.5296880894002264
0.5480950584685025
0.5233269874575632
0.5304557831950207
0.538735382874387
0.5482777725386647
0.5558574594492645
0.5457315635609205
0.5436745567710298
