1.6003399754715766
1.625012411400503
1.6353392284072306
1.6199432689990831
1.681520900392358
1.689101771065818
1.699243809213527
1.6469704227674191
1.6018537974387377
1.676000508371407
1.7058480153064701
1.5162650206461772
1.7044289823507566
1.6728886901860263
1.7240203265189105
1.6590649657238743
1.6917317972768602
1.658878995255438
1.621518188362437
1.674083193571297
1.6895851191218414
1.6297987716233862
1.618609565482552
1.6165134584889786
1.585593649090781
1.7249858115813381
1.6457345512686041
1.7496155190802598
1.6317064547486237
1.6210594096784856
