0.018509913625352762
0.02252335943730902
0.01751981601649262
0.021531344091616927
0.0190977234265752
0.020435827082858498
0.016844056481122836
0.01991237949544516
0.021680897612536915
0.032579784272518356
0.020935358056130508
0.028811114051762874
0.022486712541392177
0.022147654958165234
0.021161813642496183
0.023589879988392428
0.02243908396060514
0.02898139803704535
0.022645943473096616
0.02148556892821666
0.02197964260266316
0.02011498355822984
0.024997638060826593
0.021553740262514706
0.016305611566173016
0.029354781465409988
0.017777879691466665
0.025004357710362
0.03259417133923395
0.02253634737390827
