0.6166700755315037
0.6022832688443167
0.5525607839718529
0.6239136338946226
0.5907043050051078
0.619465065282556
0.6152347199030765
0.5546784713979476
0.6059318718803299
0.5227787613191078
0.6156032684866654
0.5601080666036307
0.576232276697
0.6111502292321896
0.5501759756618226
0.5843554339540822
0.612075372795694
0.5480814796932246
0.5731156801076531
0.6270131861597853
0.5447354832652678
0.5423584985794534
0.5922922213057407
0.5904380223666239
0.5477690935548986
0.5523283105665869
0.6007660445767755
0.5903528007457033
0.5478520798546147
0.570667444558446
