0.3871812699407512
0.3347841560232851
0.4530989507668095
0.35486256607455624
0.3392033780277961
0.36884551000160176
0.3151605668029687
0.30368692945767994
0.32590637626786395
0.42198486396529566
0.3763607417044983
0.31996822487418664
0.36114829477003263
0.3099923808860109
0.46493664898199133
0.29276484111399487
0.2775796989186901
0.31034693416894865
0.38550186155742594
0.2953854827384187
0.44555001839761177
0.40405825504427445
0.3257742968051098
0.3795938213213319
0.36615494789021497
0.3914208597975965
0.2939997894357083
0.25715623430446083
0.3334432163895539
0.3360030172614152
