0.01593387888553782
0.008241990742960456
0.008714953770403244
0.007954727508455675
0.01006532246530612
0.013305451598485264
0.013428258142395115
0.009750526355283194
0.008623436119871543
0.009215091351949567
0.010777217142445
0.015346868603917364
0.012129990264097373
0.009710021596943563
0.009794455830037855
0.009669088120982366
0.010033429602270771
0.010435260605243848
0.011262213849470244
0.009334083746082182
0.009879432926426948
0.010939313508260235
0.00868929613108905
0.012064836144247111
0.013384382848976806
0.009231152715678101
0.010822283125091816
0.012196390829238004
0.014416180185597347
0.008477989191304354
