0.5154239957260659
0.6290509608528198
0.6048642265900399
0.5464832250320211
0.58256326517839
0.5768690638251264
0.5253753663132624
0.6072060049668838
0.6134889340423773
0.5956289970337288
0.6150634384157833
0.6083214302479196
0.5532699396239743
0.5328762660300472
0.6189084703026403
0.5500980188348166
0.5840391360036481
0.6054878812060901
0.5756133721385096
0.5339911324807818
0.542189172998214
0.5593061451215233
0.6045686053607474
0.5451079436609645
0.5354024584062607
0.6104013966286885
0.6003824075750567
0.607019076231159
0.5173709604951683
0.6236238803834917
