1.5951964758761532
1.5373366200458967
1.569483947794377
1.5872922265042733
1.5440391397681739
1.5057484992123393
1.5536308530526224
1.563020954014625
1.6007688717657753
1.6713130288626783
1.5739594593335313
1.5913792902795498
1.5770788706275478
1.6549657657775858
1.5757350809946142
1.6597025236099698
1.5988309407026813
1.55709906407082
1.5687765759068804
1.5607826623783443
1.5354234653130887
1.613962063993141
1.5725729853315775
1.519501719231017
1.584545410320212
1.5689121648768003
1.6047106668048008
1.6002487428986254
1.5839001448128516
1.5614597565784174
