0.017829078937899836
0.017505464570890698
0.01590561600054533
0.014990520693865786
0.01974513811723029
0.019547975443411712
0.01128325896220003
0.014087358611231933
0.01756168047714624
0.017936181451594622
0.014933730337909035
0.01478104856877447
0.017749062423685975
0.015936391669856467
0.01727984243488668
0.01844040349506214
0.018424353875629865
0.024983423159668918
0.018884629361313247
0.014555363285194894
0.014146284979655923
0.0206668553421006
0.01408835840528281
0.012289372490805422
0.01836152666084347
0.015614120932198649
0.01819741752114074
0.01755636711710896
0.01863468342215554
0.015736598296947336
