0.5616586515927029
0.5748102864803045
0.5946935874721114
0.5862393835423815
0.5853341723381518
0.6092988333614564
0.6475983487072764
0.5689961354219397
0.6107322309091249
0.6225547579541407
0.5642105269325234
0.5786722280030748
0.5709632853366332
0.5758742758310367
0.5872207613851548
0.6160606731724694
0.603535655361194
0.5696983332395898
0.6035075322946547
0.5742683315522057
0.5791037413052853
0.5667046913962165
0.5895236304066596
0.5787504452818868
0.5949455232765248
0.5819974876727226
0.622685120085494
0.5586152084856666
0.5749172127228753
0.574230248232934
