0.354675066123203
0.38228233792677696
0.35207572304204054
0.3409421370202895
0.36920246938308743
0.35672806926760475
0.3510254248586193
0.4320756748371906
0.32185211017256543
0.3404206001127089
0.38922497790488214
0.3681478316956575
0.35762428062844986
0.3590464339918388
0.3259928906544854
0.33591595581329503
0.4042524997498409
0.4680649599597982
0.3905776308581971
0.3488062856490696
0.42649207402252143
0.45467959746440056
0.3737843627050959
0.39019473549299444
0.367925771757254
0.25924864434632916
0.41041356582280714
0.3670483922872811
0.3492503587476979
0.45420307238667135
