0.04858899060915087
0.06834075810859926
0.040824945136402654
0.06969318180527768
0.05433136299980351
0.0459045925637144
0.04692538045209757
0.05845367238650856
0.04591094500615167
0.04432160549166983
0.04946041343337244
0.04689066857950346
0.041460989313750155
0.05068421069786605
0.055718877421628676
0.03352583042346997
0.05634986985264287
0.063962722043337
0.048582807691211295
0.04603425326718914
0.046560883220485086
0.06971539874495956
0.04740258161837908
0.048937691368627884
0.040712172237114395
0.049119767247406076
0.08218654116465078
0.04003571762577541
0.04624248463396446
0.03724041896674825
