0.5540980997736704
0.5619621722934742
0.5573736915314975
0.5512350881742738
0.5689627734817051
0.5839747972463221
0.5616733661825727
0.5615584331384383
0.550169747265183
0.5587514145605432
0.5413950513956998
0.580749304507733
0.5821948085628066
0.5504482388721238
0.5680713056393815
0.6070748656167484
0.5531565329121086
0.5380369436061863
0.5654057431158054
0.5774457162391551
0.5785832586759714
0.5465287273670314
0.5505160198981516
0.5397123137495285
0.5651272515088646
0.5576433421350434
0.5689023599585064
0.5606036047717843
0.5780675334779329
0.5757128795737458
