0.363041461914626
0.5822934095934518
0.40990929615637756
0.6244010236990555
0.5007367904234772
0.44326223910456763
0.4154860846099336
0.5603967151044489
0.4163654727089801
0.4392416378061793
0.37595542791750974
0.4214552209847651
0.3852080618003619
0.44438495359272984
0.5239196384750132
0.42089781365719175
0.5307319323351147
0.508045197793254
0.4582745710971488
0.43122963932839237
0.3972529979172502
0.6046717662372988
0.36596978043696315
0.46067217786069287
0.307180679391061
0.4291262525028379
0.6761922290966456
0.33959014689930117
0.44341446884801167
0.2446954410133039
